sprite1,0,0,100,100
sprite2,100,0,100,100
sprite3,200,0,100,100
sprite4,300,0,100,100
sprite5,400,0,100,100
sprite6,500,0,100,100
sprite7,0,100,100,100
sprite8,100,100,100,100
sprite9,200,100,100,100
sprite10,300,100,100,100
sprite11,400,100,100,100
sprite12,500,100,100,100
sprite13,0,200,100,100
sprite14,100,200,100,100
sprite15,200,200,100,100
sprite16,300,200,100,100
sprite17,400,200,100,100
sprite18,500,200,100,100
sprite19,0,300,100,100
sprite20,100,300,100,100
sprite21,200,300,100,100
sprite22,300,300,100,100
sprite23,400,300,100,100
sprite24,500,300,100,100